Reacoes de apoio [N]
[[ 3.90011726e+03]
 [ 2.89985984e+03]
 [-1.30004999e+03]
 [-1.49989084e+03]
 [ 3.73914509e-02]
 [ 3.67969028e-02]
 [-1.30006771e+03]
 [-1.49993116e+03]
 [-8.82640198e-03]
 [ 6.88619588e-02]
 [-1.30002813e+03]
 [-1.49998771e+03]
 [ 0.00000000e+00]
 [ 1.59984421e+03]]

Deslocamentos [m]
[[ 0.        ]
 [ 0.        ]
 [ 0.01004594]
 [-0.04311335]
 [ 0.00359693]
 [-0.04662698]
 [ 0.00259644]
 [-0.04438865]
 [ 0.00558461]
 [-0.04637178]
 [-0.00324337]
 [-0.04247417]
 [ 0.01164328]
 [ 0.        ]]

Deformacoes []
[-6.394851725246424e-05, -4.492861537123129e-05, -3.7761391968810355e-05, -3.528021028075598e-05, -7.554931472286066e-06, 7.554495328030876e-06, 1.9111748700410856e-05, -1.911256490355454e-05, 1.873402884435954e-05, 1.0352458075936525e-05, 3.1555579379302935e-05]

Forcas internas [N]
[-6484.28372662 -4555.69420572 -3828.94850355 -3577.36040215
  -766.05871889   766.01449452  1937.9026506  -1937.98541237
  1899.60242377  1049.72372021  3199.68841569]

Tensoes internas [Pa]
[-12351016.622140944, -8677512.772799611, -7293235.244856032, -6814019.81362521, -1459159.4645573308, 1459075.2276558834, 3691243.1439973526, -3691400.785472524, 3618290.330999601, 1999473.7527863805, 6094644.601318569]