Node	Displacement in X	Displacement in Y	Displacement Magnitude
1	0	0	0
2	0.0100474449361689	-0.0431176253872328	0.0442727994233376
3	0.00359771038946839	-0.0466316063628628	0.0467701852896423
4	0.00259744283834505	-0.0443930774180621	0.0444690007976852
5	0.00558591920910379	-0.0463761965252982	0.0467113915181694
6	-0.0032427478597888	-0.0424781369601107	0.0426017315761236
7	0.011645221373975	0	0.011645221373975

Element	Local node	Tensile Force
1	     1      	-6484.59682328328
1	     2      	-6484.59682328328
2	     1      	-4555.98823143793
2	     2      	-4555.98823143793
3	     1      	-3829.26611176791
3	     2      	-3829.26611176791
4	     1      	-3577.70847605955
4	     2      	-3577.70847605955
5	     1      	-766.179421621955
5	     2      	-766.179421621955
6	     1      	766.179323983315
6	     2      	766.179323983315
7	     1      	1937.98344131431
7	     2      	1937.98344131431
8	     1      	-1937.98357475962
8	     2      	-1937.98357475962
9	     1      	1899.99967756435
9	     2      	1899.99967756435
10	     1      	1050.00005761888
10	     2      	1050.00005761888
11	     1      	3199.99969792496
11	     2      	3199.99969792496

Reaction Forces
Node Axis Value
1 X	3900
1 Y	2900
7 Y	1600



